9440 9
8126 7
10126 10
12126 6
9375 15
8061 0
10061 16
12061 0
9040 15
7726 16
9726 0
11726 21
12032 14
9180 3
13180 16
17180 15
12032 16
9180 16
13180 26
17180 12
12032 0
9180 16
13180 15
17180 22
19197 47
16131 47
21531 47
26931 69
19305 48
16239 62
21639 39
27039 67
19055 62
15989 42
21389 62
26789 47
19055 57
15989 50
21389 63
26789 62
7226 16
9957 31
12448 31
7585 16
9848 16
12639 42
6634 16
9044 31
12420 32
10062 15
11351 16
10364 15
12470 32
10351 0
11970 24
23882 52
32882 79
53882 62
39121 62
23882 84
32882 71
53882 74
39121 69
23882 72
32882 69
53882 68
39671 73
23882 115
32882 114
53882 80
39121 73
