9003 16713
7942 20581
9588 23464
11647 29037
9170 26883
7996 26107
9903 26515
11685 26817
8582 33358
7939 32361
9632 32596
10469 32784
8971 39347
7741 37907
9377 40642
11422 39898
8895 40509
7516 40054
9963 39870
12184 41256
8913 40438
8277 33460
9333 23349
11259 23013
13919 24538
13107 24577
14619 24388
17524 24679
15740 29986
12812 30608
16229 44399
18305 43838
14362 43200
13546 41222
14597 44140
17333 44326
12747 45003
11662 42988
14682 43784
16900 43997
7108 31173
7324 42936
6773 42007
7516 30162
7573 42037
7085 42379
6347 29808
6234 35578
6837 24464
9349 18092
8828 23690
9686 17729
9692 22414
9658 15597
10053 26636
24988 24469
32157 23464
48956 23326
37202 23121
23493 23386
30637 23928
47824 24076
33046 23258
25025 23661
32541 23937
49256 23989
38329 23407
24241 22882
31896 23381
51170 23529
35199 22955
